0 10.416666666666666 1.0315113130558e-14
1 8.643611064888832 8.494626814779817e-15
2 7.245801145782245 7.246578001978051e-15
3 6.130229058101573 6.061386623518036e-15
4 5.229283641151574 5.176792701293743e-15
5 4.493404605784923 4.706842855059731e-15
6 3.88593929889838 3.986179973786207e-15
7 3.37952555418089 3.56352191263015e-15
8 2.953535459361391 2.8791231984863707e-15
9 2.592259360215661 2.5232709656393977e-15
10 2.283608409839434 2.2917757104397197e-15
11 2.0181819349438017 2.074424314835472e-15
12 1.7885926640079708 1.7418263522751062e-15
13 1.5889751353081893 1.6437000920997752e-15
14 1.4146249339508103 1.3787521772807229e-15
15 1.261731906113046 1.3021737655829821e-15
16 1.1271812915923602 1.1763754685405324e-15
17 1.0084042583751536 1.020052711376482e-15
18 0.9032646143909896 9.364650594511708e-16
19 0.8099721991411757 8.133018314425575e-16
20 0.7270160953175544 6.984705906998658e-16
21 0.6531126754330423 6.875140679630595e-16
22 0.5871648379757899 5.972958600109347e-16
23 0.5282297496096464 5.368017301902653e-16
24 0.4754931046708538 4.749043063686861e-16
25 0.42824841781299056 4.1895292266754203e-16
26 0.3858802343589649 3.712696018201971e-16
27 0.34785041399800926 3.515219270996976e-16
28 0.31368684403601066 3.2798588837584685e-16
29 0.28297408777345867 2.8232209673780815e-16
30 0.25534558555323844 2.4397135177978183e-16
31 0.23047711051354314 2.4073222135515986e-16
32 0.20808124526796573 2.1211870670158342e-16
33 0.1879026948216603 1.9139678232979976e-16
34 0.16971428882123252 1.5745021512894958e-16
35 0.1533135555186273 1.5160744812935464e-16
36 0.13851977266771803 1.4194473821245174e-16
37 0.12517141849830982 1.2553377703611927e-16
38 0.11312396007038036 1.1102924113959265e-16
39 0.10224792756184722 1.0080854102978426e-16
40 0.09242723203631781 8.890020314817873e-17
41 0.08355769146773775 8.384527108312243e-17
42 0.07554573564486772 7.535012591929463e-17
43 0.06830726533106249 6.720059920565581e-17
44 0.06176664493898511 6.292165117570293e-17
45 0.05585581117071357 5.1762474232126166e-17
46 0.050513482708079864 5.1160874610579885e-17
47 0.04568445822362482 4.371062572566716e-17
48 0.041318991804253226 4.104518508732461e-17
49 0.037372236405037965 3.843295423003265e-17
50 0.03380374723347642 3.380744186561006e-17
51 0.03057703804801719 3.0288887880027194e-17
52 0.027659184273583236 2.8480757439494025e-17
53 0.02502046761922652 2.4471777953536852e-17
54 0.022634057551779847 2.2722626255913142e-17
55 0.020475725553035735 2.0613303810414133e-17
56 0.018523588581830876 1.9295865010376238e-17
57 0.016757878588979046 1.7351397596629904e-17
58 0.01516073530262851 1.456981844735915e-17
59 0.01371601982289802 1.388515842528685e-17
60 0.01240914684470387 1.2368712197564659e-17
61 0.011226933572489467 1.0626650393370913e-17
62 0.010157463605101145 1.0039838567644755e-17
63 0.009189964257522457 9.746614515148333e-18
