0 0.18658664468889538 1.3911807752043745e-15
1 0.17639829403819657 1.3561068624266517e-15
2 0.16719003279959396 1.440233582591283e-15
3 0.15895781839130646 1.3908257735686229e-15
4 0.15166361908448409 1.4544663164865833e-15
5 0.1452459481370479 1.4818082909350301e-15
6 0.1396293993179765 1.4913419720618449e-15
7 0.13473241748547382 1.4480794296313146e-15
8 0.13047307827554933 1.3775453169157043e-15
9 0.1267730074833306 1.3662567564037062e-15
10 0.12355975387754772 1.4469777795576024e-15
11 0.12076798454083398 1.4262508453911954e-15
12 0.11833984997438443 1.4223094152733783e-15
13 0.11622480780595876 1.4376315145453467e-15
14 0.11437912578895287 1.4518494303624126e-15
15 0.11276522159902795 1.5034052918392053e-15
16 0.1113509450002588 1.4424753161697827e-15
17 0.11010886852555199 1.461325520852398e-15
18 0.1090156246525285 1.3795099077324452e-15
19 0.10805130837719222 1.41241835667515e-15
20 0.10719895182757955 1.441482820111212e-15
21 0.1064440701488098 1.4427650159866568e-15
22 0.10577427377564759 1.435680054599165e-15
23 0.10517894023798079 1.4078754109383766e-15
24 0.10464893800551783 1.4172262992903017e-15
25 0.10417639501825537 1.3607583876022018e-15
26 0.10375450510716001 1.3642469643122665e-15
27 0.10337736625686882 1.4389376205205917e-15
28 0.10303984546135805 1.466284530028642e-15
29 0.10273746569648844 1.3836281111683867e-15
30 0.10246631123978853 1.4201615664605157e-15
31 0.1022229481909379 1.4933673314167397e-15
32 0.10200435758299867 1.3605783449885893e-15
33 0.10180787892875232 1.386688390962652e-15
34 0.10163116242663114 1.3810672128299346e-15
35 0.10147212836602484 1.4125324827930926e-15
36 0.10132893253164973 1.432585691544541e-15
37 0.10119993662007891 1.3901382194494095e-15
38 0.10108368285610468 1.436811009772704e-15
39 0.10097887213942161 1.4015836052513314e-15
40 0.10088434516861687 1.3824512805966792e-15
41 0.10079906608465929 1.4295282817499036e-15
42 0.10072210825391319 1.448400852339045e-15
43 0.10065264187430324 1.435489954903072e-15
44 0.10058992314046279 1.4247087285133242e-15
45 0.10053328474657959 1.3400839162351437e-15
46 0.10048212754084103 1.3344878158238494e-15
47 0.1004359131746106 1.4043749408214175e-15
48 0.10039415761344526 1.4616236070211023e-15
49 0.10035642539719268 1.4378458433351456e-15
50 0.10032232455294657 1.3594461632851855e-15
51 0.10029150207864669 1.3905280229275057e-15
52 0.10026363992675394 1.441726366108871e-15
53 0.10023845142719251 1.3955996364870037e-15
54 0.10021567809713446 1.424767801215058e-15
55 0.1001950867921038 1.3957111361745555e-15
56 0.10017646715892156 1.4473505451300655e-15
57 0.100159629356058 1.396609432447468e-15
58 0.10014440201128735 1.3980278451492937e-15
59 0.10013063039032354 1.4764290102559307e-15
60 0.10011817475325853 1.305984630472181e-15
61 0.10010690887845612 1.3542158386138672e-15
62 0.1000967187359358 1.4208603462122046e-15
63 -7.033050319415791 1.8387653030708503e-15
