0 1.0 0.0
1 0.829786662229328 1.1543436786480568e-15
2 0.6955969099950955 9.55075769490762e-16
3 0.5885019895777511 8.05458961607864e-16
4 0.5020112295505511 6.851074650056746e-16
5 0.43136684215535265 6.378615349896722e-16
6 0.37305017269424456 5.364916558911913e-16
7 0.32443445320136544 4.6375571938435505e-16
8 0.2835394040986936 3.903582677488952e-16
9 0.24885689858070348 3.432232529278393e-16
10 0.21922640734458565 3.12804228933377e-16
11 0.19374546575460497 2.70627537263224e-16
12 0.17170489574476522 2.38785073992389e-16
13 0.15254161298958616 2.178768488602141e-16
14 0.1358039936592778 1.8794849472122134e-16
15 0.12112626298685245 1.724255797482083e-16
16 0.10820940399286658 1.54753202462716e-16
17 0.09680680880401477 1.348960951493717e-16
18 0.08671340298153499 1.2397455919739296e-16
19 0.07775733111755287 1.1166575496516706e-16
20 0.06979354515048523 9.775520036325733e-17
21 0.06269881684157207 9.085023593621506e-17
